name: prototyping
channels:
- anaconda-fusion
- defaults
dependencies:
- asn1crypto=0.22.0=py36h8e79faa_1
- ca-certificates=2017.08.26=h94faf87_0
- cachecontrol=0.12.3=py36hfe50d7b_0
- certifi=2017.7.27.1=py36h043bc9e_0
- cffi=1.10.0=py36hae3d1b5_1
- chardet=3.0.4=py36h420ce6e_1
- colorama=0.3.9=py36h029ae33_0
- cryptography=2.0.3=py36h123decb_1
- distlib=0.2.5=py36h51371be_0
- freetype=2.8=vc14h17c9bdf_0
- h5py=2.7.0=py36hfbe0a52_1
- hdf5=1.10.1=vc14hb361328_0
- html5lib=0.999999999=py36ha09b1f3_0
- icc_rt=2017.0.4=h97af966_0
- idna=2.6=py36h148d497_1
- intel-openmp=2018.0.0=hcd89f80_7
- jpeg=9b=vc14h4d7706e_1
- libpng=1.6.32=vc14h5163883_3
- libtiff=4.0.8=vc14h04e2a1e_10
- lockfile=0.12.2=py36h0468280_0
- mkl=2018.0.0=h36b65af_4
- msgpack-python=0.4.8=py36h58b1e9d_0
- numpy=1.13.3=py36ha320f96_0
- olefile=0.44=py36h0a7bdd2_0
- openssl=1.0.2l=vc14hcac20b0_2
- packaging=16.8=py36ha0986f6_1
- pillow=4.2.1=py36hdb25ab2_0
- pip=9.0.1=py36hadba87b_3
- progress=1.3=py36hbeca8d3_0
- pycparser=2.18=py36hd053e01_1
- pyopenssl=17.2.0=py36h15ca2fc_0
- pyparsing=2.2.0=py36h785a196_1
- pysocks=1.6.7=py36h698d350_1
- python=3.6.3=h9e2ca53_1
- requests=2.18.4=py36h4371aae_1
- scipy=0.19.1=py36h7565378_3
- setuptools=36.5.0=py36h65f9e6e_0
- six=1.10.0=py36h2c0fdd8_1
- urllib3=1.22=py36h276f60a_0
- vc=14=h2379b0c_1
- vs2015_runtime=14.0.25123=hd4c4e62_1
- webencodings=0.5.1=py36h67c50ae_1
- wheel=0.29.0=py36h6ce6cde_1
- win_inet_pton=1.0.1=py36he67d7fd_1
- wincertstore=0.2=py36h7fe50ca_0
- zlib=1.2.11=vc14h1cdd9ab_1
- pip:
  - beautifulsoup4==4.6.0
  - bleach==1.5.0
  - cycler==0.10.0
  - httplib2==0.10.3
  - keras==2.0.8
  - markdown==2.6.9
  - matplotlib==2.1.0
  - planetaryimage==0.5.0
  - protobuf==3.4.0
  - pvl==0.3.0
  - python-dateutil==2.6.1
  - pytz==2017.2
  - pyyaml==3.12
  - tensorflow-gpu==1.3.0
  - tensorflow-tensorboard==0.1.8
  - werkzeug==0.12.2
  - win-inet-pton==1.0.1
  - google-cloud==0.27.0
prefix: D:\prototyping
